
6	0	1574
1	1	518
10	2	463
1	3	165	330	1244
7	4	9
1	5	899
4	5	353
4	6	427	469	473	486	498	500
4	7	364	376	405	410	434	440
6	8	743
1	9	596
9	10	417	453
0	11	57	177
1	11	554
1	12	572
1	13	506	544	578	589	594
8	14	254
10	15	188	221
10	16	201
10	17	193	197
2	18	289
6	19	1532
1	20	1316
2	21	305
1	22	1584
9	23	383	443
1	24	1905
2	25	272
6	25	1835
8	25	232
2	26	160
2	27	145	153	200	210
5	27	47
2	28	211
4	28	297
9	29	727
8	30	296
4	31	831	889
1	32	1871
1	33	1061
2	34	136
4	34	869	882	910
4	35	863	905
2	36	97	339
6	36	1347
8	36	281
9	36	541
6	37	737
10	38	258
4	39	231	299
1	40	1810
1	41	1764
4	42	506	635
8	42	225
1	43	1317	1335
2	44	301
6	45	488	517	532
8	46	182
9	46	639
4	47	565
1	48	15	930	1082	1147	1473	1499	1663
2	48	181	194	241	259
7	48	10	15	33	131	135	137	180	181	362	414	419	425	436	450	489	503	520	533	539
8	48	89	97	133	141	149	170	197	223	240	273	291	306	318	335	340	379
9	48	15	40	50	103	121	142	144	154	183	186	208	211	261	442	469	503	595	728
10	48	23	497
1	49	1667
1	50	6	1607
7	50	4	8	120	147	495	514
8	50	8	29	35	40	54	67	81	107	121	219	265	364
9	50	8	64	71	89	141	152	177	200	228
10	50	10
1	51	1896
1	52	1506	1515
5	53	660	673
6	54	1082	1095
7	54	343
8	54	143
5	55	295
6	56	782	1119
7	56	22	455
3	57	671
4	57	647
6	57	655	696	937	1066
7	57	329
4	58	654
6	59	717	1048
3	60	653
4	60	726	750	760
6	60	93
7	60	50
3	61	663
1	62	474	496	516	530	538	549	841	881
3	62	56	68	79	96	107	124	135	152	163	180	199
4	62	438
6	62	1217	1232	1273	1304	1312
7	62	38	556
9	62	405	652
10	63	458
4	64	386	390	395	413	425	451	483	491	503
4	65	442
4	66	357	371
0	67	13
4	68	54
1	69	599
9	70	634
1	71	1736
1	72	1950
4	73	666	682
4	74	659	664
6	75	1838
10	76	270	282
1	77	1848	1870	1878
6	78	1849	1850	1851	1852
10	79	472
1	80	887	2009
4	81	229	253	256	258	278	280	310
1	82	927	946	961	1021	1059
1	83	245
4	83	226	246
1	84	821	1042
3	84	530
8	85	48
4	86	1041
0	87	154
1	88	1969
0	89	5
1	89	140	144	148	305	309	313	476
2	89	336
3	89	59	70	81	98	109	126	137	154	165	182	186	201	205	220	222	226	228	234	240	250	256	262	264	266	268	272	274	276	278	281	285	289	291
4	89	149	222	479	525	533	537	544	644	969	995
5	89	4	22	42	59	77	91	107	123	139	151	164	178	194	208	221	234	247	261	276	290	303	317	329	340	352	363
6	89	415	545	1139	1424	1680	1826	1939
7	89	46	118	564
8	89	162
9	89	19	458
10	89	6
2	90	126
4	91	31	748	878
5	91	211	224	332
6	91	577	1321	1712	1723	1782
1	92	1652
4	92	874
6	92	725	793	867	1030
4	93	241
6	93	997	1436
4	94	252
6	95	1173
4	96	230
1	97	390	503	577	644	740
6	97	1737
0	98	111	229
1	98	798	1789
4	98	26
6	98	113
9	99	234
1	100	395	439
1	101	381
10	102	482
1	103	570
6	103	179
4	104	771	916
2	105	199	209
4	105	618
9	105	675	679	683	687
2	106	148
1	107	1693
1	108	1683	1699	1715	1730	1739	1771
1	109	155	320	888
3	110	692
0	111	25
1	111	1979
3	111	23
9	112	552
1	113	1915
1	114	1044	1050	1129
3	114	691
4	114	475
9	114	269	468	559	594	638
1	115	1140	1297
2	115	187	240	258
3	115	690
5	115	296
6	115	667	1131
7	115	494
9	115	7	39	63	102	106	115	120	176	250	472	476	487	491	502	598	602	613	617	625	628
10	115	9	22
1	116	932	1084	1098	1125	1169
3	116	676	681	699	702
9	116	333	365	400	420	446	719
9	117	95
2	118	143	304
4	119	400
1	120	173	976
4	120	334	662	671	705
5	120	250	366
6	120	116	142	168	614	1399
4	121	379	409	439	481
8	121	37
3	122	678
4	123	1028
4	124	772	917
0	125	101
9	125	279	354
1	126	1195
9	127	355
0	128	221
1	129	1563
1	130	96	116	194	213	423	610	1257	1947	1956
4	130	639
6	130	64	69	808	828	833	851	1176
1	131	1981
1	132	1992
1	133	2014
1	134	31	62	146	227	360	393	413	435	438	692	824	1045
1	135	1508	1517	1526	1833	1841
1	136	22	1373	1384	1540	1580
1	137	958	1366
2	138	83
1	139	2028
4	140	636
8	141	33
8	142	286
1	143	1954
2	144	167
1	145	1908
6	145	720
1	146	1634
2	147	317	323
4	148	85	158
1	149	1865
4	149	70
9	150	149
6	151	37
4	152	8
3	153	50
6	154	1698
1	155	1181
1	156	44	60	220	225	1104	1114
9	156	264
1	157	59	75	1513	1522	1837	1845
1	158	1752
0	159	100	220
2	160	204	233
9	160	318
1	161	1076
1	162	920
2	162	17	68	101	144	226
8	163	167	256
1	164	1807
8	165	175
9	166	672
1	167	2002
7	168	132
1	169	1660
1	170	1829
7	171	165
6	172	776
8	173	260	288
4	174	176
6	175	679	690	710	715
2	176	157	205
5	176	154
6	176	28	54
7	176	394	549	557	565
6	177	53
2	178	196
9	179	195
0	180	129	247
3	180	73	101	129	157	193	216	230	244	258	286
9	180	307	308	340	361
3	181	660
3	182	604	613
1	183	169	334
1	184	1193	1226
6	185	52
1	186	771
1	187	160
1	188	325
1	189	1228
3	190	316	350	385	484	490	496	502	534	542	551	566
3	191	322	356	389	424	459	610	619
1	192	347
1	193	1813
2	193	96	122
7	193	417	500
1	194	1762
7	195	531
9	195	544
10	195	164
10	196	178	198	211	231	374	421
7	197	228
0	198	155
1	199	1236	1252
9	199	17
1	200	1262
6	201	502
1	202	1613	1899	1917
4	202	490	502
1	203	1594
1	204	1596
4	205	381
4	206	363	389	468
4	207	1046
0	208	8
4	208	347	519	774	778	919	923
6	208	439
7	208	166	223
8	208	235
4	209	77
4	210	22
4	211	29	41	59	73	87	95	96	102	136	157	160	174	189	196	205	212
4	212	35	46
1	213	1729
4	214	19
1	215	1826
1	216	1776	1850	1880
6	217	746	1833	1853
0	218	38	81	158	201
1	218	11	27	470	1069
3	218	688
9	218	248
1	219	49	65	79	1510	1519	1835	1843
9	219	231
1	220	924
4	220	1048
7	221	5
6	222	1502
1	223	1354
6	223	1660
4	224	822
0	225	143
1	226	1350
6	227	1084	1103
7	227	516
1	228	509
6	229	1420
1	230	1666
1	231	1830
4	232	582
6	232	362	599	1384	1725
8	232	75
6	233	104
4	234	547
6	234	1688
1	235	895
1	236	669	707	759	794	975	1449
5	236	412
5	237	599	613	625	647	1349
7	238	374	376
1	239	1690	1722
6	240	722
1	241	42	568	1466	1503	1605
9	241	315
5	242	171	187	268
6	242	219	582	619	1326	1352	1367	1404	1685	1791	1818
9	242	708	714
5	243	157	201	214	227
6	243	217	235	252	492	505	1706
1	244	270	1149	1159
1	245	1781
1	246	1212	1229	1568
2	246	155
4	246	301	350	688	694	716	721	755	907	1012
6	246	92	404	778	1115	1474	1784
7	246	35	41	49	93	174	346	382	392	448	474	518	551	559	567
9	246	725
6	247	740
1	248	375	1057
7	248	14
9	248	14
1	249	1283
2	249	33
4	249	169	243
6	249	312	559	982	1153	1810	1829
7	249	145	234
8	250	332
6	251	121	128	181
4	252	676	687	692	699	704
6	252	172
6	253	115
6	254	205
4	255	1045
4	256	1029	1036	1040
2	257	170
1	258	1875
10	259	434
1	260	2019
4	260	1076
9	261	124
3	262	36
8	263	383
3	264	64	87	92	115	120	143	148	171	176	211
9	264	526
2	265	87	109
4	266	803	836
1	267	2018
2	268	345
5	268	1004	1130
1	269	1861
6	270	1715
5	271	723
1	272	936
4	272	1017
6	272	1090	1098
4	273	49
10	274	469
1	275	166	331
8	275	87	95	295	302
1	276	86	1450
2	276	191
6	276	430	458
7	276	98
8	276	111	113	137	261	289
4	277	693	720
6	277	1764
2	278	319
2	279	79	92	105	118
4	279	796	813	835
2	280	99
2	281	67	288
4	282	867	880	887
2	283	112	163
4	283	367	416
6	283	345
7	283	391
10	283	132	141	262	437
3	284	89	117	145	173	213	489	495	501	507	550	565	581	609	618
10	285	407
4	286	255
1	287	1321
4	287	186	193	202	209	651
5	287	237	279
6	287	659	761	774	784	941	1014	1089	1241
7	287	26	333	459
4	288	340	346
6	288	96	555	1149	1187	1200
7	288	252	266
4	289	595
6	289	84	399	846	1108	1129
7	289	84	215	271
1	290	665
1	291	790	1541	1547
6	291	1640
8	291	384
3	292	703
4	292	952
6	292	507	1267	1751	1767
8	292	92
3	293	683
6	294	1469
6	295	1854
6	296	1839
10	297	466
1	298	585	748
6	298	780	1117
7	298	476
9	299	26
5	300	64	114
6	300	1512
7	300	554
4	301	675	686	691	698	703
4	302	38
1	303	1770
4	303	380	799
6	303	1665
1	304	1732
8	304	44	65
1	305	699	831
4	305	56	591
6	305	140	223	273	396	447	513	587	671	749	787	969	990	1134	1372	1465	1562	1648
7	305	81	268
8	305	61	104	337
9	305	576	619
10	305	47	100	169	266	301	364	411
4	306	1065
10	306	460
6	307	1201
9	307	706
1	308	655
1	309	625	1263
5	309	377	731
10	310	240
6	311	1526
9	311	184	209
6	312	195
4	313	620
1	314	1439
7	315	384	397
2	316	16	279
2	317	35	53	61
5	317	333
6	317	314
5	318	322
2	319	48
4	320	391
1	321	819
8	321	60
9	321	75	188
10	321	430	502
2	322	311
6	323	1226
10	324	310	319
6	325	864
1	326	348	919	1944
2	326	14	46	65	98	141	217	223	269
2	327	10
2	328	4	333
7	329	423
1	330	1255
5	330	94	110	126	167	181	264	306	320	343	355
6	330	530	678	709	711	1651
7	330	39	47	404
9	330	84	410	416	471	486	533	597	612	624
10	330	157	183	216	354
9	331	555
8	332	409
1	333	1276
2	333	31
6	333	202	835
9	333	43
10	333	345
9	334	557
9	335	169
0	336	19	134
1	336	1148	1372	1378	1562	1759
2	336	189
3	336	17
4	336	1051	1066	1077
5	336	168	184	198
6	336	204	389	817	886	1355	1489	1638	1831
7	336	512
8	336	86	94
10	336	346
0	337	149
4	338	514	625	736
1	339	1578
3	339	635
9	340	147
4	341	789	934
7	342	412
2	343	80
6	343	365
0	344	146
1	344	94	190	254	353	384	408	459	468	1100	1182	1217	1678
3	344	39	296	330	368	401	436	471	517	591	629
4	344	303	518	733	824
6	344	796	1597	1948
7	344	94
10	344	127
4	345	431
1	346	121	139	286	304	760	1186	1219
6	347	441	988
0	348	147
1	348	95
6	349	1040
4	350	633
6	351	1739
4	352	84	115	166	250	257	279
4	353	68
1	354	1395
10	355	456
6	356	9
2	357	56
6	357	733	951
7	357	486
9	357	117
6	358	1705
6	359	911
6	360	979	984
8	361	374
5	362	265
7	362	235	242	260	291
8	362	331
8	363	391	412
8	364	416
1	365	1071	1164	1202	1214	1248	1280	1322
1	366	1080	1089	1113	1156	1179	1231	1286	1300	1309
1	367	1106
2	368	337
1	369	248	253	260	370	383	389	397	405	441	456	465	491	501	505	642	647	680	739	803	1016	1066	1537	1560	1658	1669	1800	1924
2	369	59	124	173	250
6	369	718	736
7	369	58	125
8	369	49	72	128	179	190	243	252	282	327	359	402
9	369	31	42	55	66	94	108	135	168	179	194	202	215	239	246	395	408	431	461	478	495	514	529	550	565	587	604
10	369	15	34	60	89	113	125	150	248	290	330	486	505
1	370	1751
0	371	14
1	371	8	43	55	71	634	1467	1480
6	371	1047
8	371	10	214
9	371	130	158
6	372	998	999	1000	1007
1	373	1958
9	373	643
10	373	136	145
1	374	1601	1618
4	374	999	1006
5	375	345
1	376	1972
8	377	329
1	378	1748
1	379	1615	1711	1760	1796	1854	1868	1874	1900	1913
1	380	1815	1887	1930
1	381	1883
9	382	300
9	383	394
4	384	797	814
9	385	566
2	386	298
3	387	693
1	388	25	102	199	424	510	522	591	611	704
4	388	76	93
5	388	271
6	388	688
7	388	178	464	492
8	388	132	140	316
9	388	423
1	389	1295
4	389	116
1	390	33	51	67
4	391	329
6	391	296	1264	1759	1966
1	392	2008
6	393	1225
6	394	1245	1294	1308
9	395	647
5	396	598	612
4	397	1014
4	398	624
1	399	972	1419
1	400	1786
10	401	269	281
5	402	1167
5	403	344
4	404	238	266	270	288	292	337
6	404	661	1071	1951
0	405	22
3	405	20
9	405	287
10	405	54	67	75	82	106	119
1	406	735	882
8	407	397
1	408	709
1	409	1441
6	409	1044
10	409	320
4	410	21
2	411	195
4	411	777	829	848	865	922
5	412	394	407	429	450	471	493	516	540	563	584	646
1	413	2020
4	414	568
6	414	1218
6	415	640	1415
6	416	636	1411
8	417	43	57	64
9	417	73
1	418	1435
6	418	162	257
7	418	158
10	418	253	398
4	419	13
1	420	1189	1222
10	421	507
10	422	476
6	423	426	1805
1	424	1876
1	425	1464
7	425	151
9	425	122
1	426	1311
4	427	268	272
1	428	1941
6	428	612	1397
1	429	1967
6	429	1170
3	430	301	335	370	403	438	473	519	593	637
6	430	20
6	431	965
6	432	768
4	433	349
6	434	60	66
3	435	47
4	436	228	248
8	436	115
10	436	340	381	386
8	437	78	83
1	438	885
9	439	364
6	440	797
2	441	72	95
4	441	304
1	442	1745
10	442	50	103
1	443	182	197
0	444	46	166
1	444	83	215	478
4	444	840	857
9	444	256
1	445	1137
4	445	1050
7	446	7
9	447	161
0	448	89	105	209	223
1	448	483	493	636	934	1303	1487	1539
3	448	674
4	448	552	572
6	448	79	208	281	338	356	1121	1286	1429	1542	1958
7	448	12	162
8	448	23	146	155	208	218	264	275	308
9	448	12	275	295	396	499
10	448	19
1	449	406	411	631
1	450	433
8	451	414
1	452	490	500
9	453	229
4	454	154
6	454	227	591	1376
1	455	1470
6	455	318
6	456	43
0	457	35
1	457	373
3	457	33
9	457	351
1	458	45	61	76	221	226	230	276	279	282	359	362	364	412	415	417	429	595	598	600	602	604	689	691	694	696	823	826	828	1047	1049	1105	1115
3	458	308	312	342	346	377	381	410	445	480	526	600	644	648	652
4	458	471	782	927
6	458	27	31	256
8	458	184	411	413	415
9	458	265	342
0	459	40	83	160	203
2	459	28	38	180
5	459	272
6	459	161	495	585	593	1329	1340	1348	1378	1431	1446	1468	1501	1528	1551
7	459	361
8	459	28	320
1	460	17
2	460	18
4	460	658
6	460	420	551	564	570	1145	1158	1164	1186	1198	1335
7	460	336	536
1	461	1362
4	462	429	437	454	457
0	463	3	6
2	463	2	321
3	463	6
4	463	6
6	463	2	1611
7	463	2
9	463	5
6	464	1110
6	465	268	274
5	466	504	517	527	541	572	585
6	467	1050
6	468	1052
1	469	804	822
10	470	487
1	471	1017	1043
3	472	531	549	558	564	573	580
3	473	541
9	474	291
10	474	308	317
8	475	198
9	476	258
6	477	4
1	478	1201	1230	1247	1299
9	479	657
4	480	51
4	481	111
1	482	1313	1318	1330	1333	1336
4	483	144
1	484	1296
4	485	28	40	58	72	94	101	135	156	188	195	204	211
6	486	1529	1552	1568
9	486	650
1	487	1611	1624	1884
6	487	317
6	488	77	548	1142
7	488	205
1	489	1312
4	490	285
1	491	1240
0	492	152
1	492	1976
6	492	1720
9	492	655
2	493	326	330	342
9	493	292
6	494	1460
2	495	313
6	496	1432
8	496	294	301
6	497	566	1160	1197
7	497	406
5	498	170	186	200
6	498	432	460	1704
6	499	1744
5	500	356
9	501	522
10	501	42
4	502	422
5	503	672
1	504	1206
2	504	275
4	504	947	961
9	504	47	86	412	574	581
4	505	974
1	506	1685
4	506	313
6	506	1211
9	507	676	680	684	688
1	508	2027
6	509	1053
1	510	1971
2	510	340
9	510	20
1	511	1824
1	512	1453
4	512	184
6	512	1848
8	512	406
6	513	1749	1765	1799
1	514	1504
2	514	21	52	75	121	231	266
6	514	221
1	515	2023
3	515	40
1	516	1072	1152	1215	1281	1329
5	516	372	726
4	517	661	668	680
1	518	1682	1688	1698	1704	1714	1720	1734	1738
2	518	308
1	519	1706
6	520	1008
1	521	1099	1126	1170
4	522	183
6	522	1045
8	522	404
1	523	755	898
5	523	18	38	55	73	313
6	523	18	44	197	484
7	523	160
9	523	327	374
6	524	1614	1635	1944
7	524	157
9	525	579	622	636
10	525	134	143
2	526	198
6	526	443
9	526	678	682
1	527	2010
6	528	1774
1	529	81	252	369	379	421	427	608	618	649	668	706	793	1029	1053
3	529	306	340	375	408	443	478	524	598	642
6	529	25
9	529	126	235
4	530	383	488
1	531	1483
7	531	148
8	531	375
6	532	67
10	533	478
6	534	13	1255
2	535	293
4	536	227	247
10	537	182	202	215	235	378	425	427	439
8	538	77	82	110
1	539	472	547	556	566	1422
1	540	13	92	100	120	185	216	273	377	485	495	514	563	661	672	684	701	743	772	785	808	814	832	840	862	880	1344	1358	1432	1440	1456	1544	1546	1557	1570	1586	1609	1673	1822
6	540	445
1	541	616	654
1	542	1459
1	543	1461
1	544	162	327
1	545	77	231	430
1	546	1096	1128	1172	1205
6	546	261
1	547	1588
6	548	629
9	548	438
1	549	1590
9	550	266	390
2	551	232
6	551	1736
8	552	84
4	553	549	555	605
9	554	372
1	555	1482
7	556	508
1	557	586	749
4	557	352	507
4	558	290	294
6	559	112
4	560	277
1	561	1314	1334
4	562	558
4	563	182
6	564	1345
6	565	633	642	1417
7	566	372
4	567	385	394	424	450	482
5	568	438	451	481	494	528	542	611
2	569	147
6	570	263	1174	1800
10	570	115
4	571	112
1	572	1782
4	573	125	217
1	574	1936
2	575	89
4	575	419
4	576	370
7	577	445	471
5	578	143
4	579	885
2	580	296
1	581	1320
1	582	1858
4	582	382	581
6	582	852	1088	1114
1	583	277
1	584	1962
1	585	1960
1	586	1963
1	587	283	311
1	588	280	293
1	589	1130
1	590	1196
1	591	1294
1	592	1142
1	593	1961
1	594	1943
9	595	56
9	596	32	78
9	597	159
1	598	1996
5	599	14	32	103	119	135	1327	1338
6	599	308	386	390	877	881	1005	1020	1022	1033	1662
7	599	246	253	258	262
9	599	629	659	695	699
0	600	31	139	148
1	600	1092	1121	1161	1199	1232	1245	1293	1301	1310
2	600	76	102
3	600	29
4	600	171
2	601	15	47	60	66	125	142	174	218	224	251	270
1	602	1116
1	603	1077	1086	1136	1175
1	604	351
3	604	303	337	372	405	440	475	521	595	639
6	604	22
2	605	314
5	606	9	27	98
4	607	1087
7	607	163
6	608	160
1	609	752	891	1445	1603	1891
9	610	163
4	611	343
1	612	1689	1705	1721	1735
1	613	897
6	613	1613	1632	1943
1	614	1647	1867	1869
2	614	51	265
9	614	546
10	614	166	189	222
9	615	560
1	616	1710	1857	1912
9	616	380
4	617	316
1	618	1571	1964	2015
4	618	330	627	770	915
6	618	57	243	474	1165
9	618	225	432
1	619	261	883
6	619	58
6	620	623
6	621	871
1	622	1139
9	622	9	37	61	100	174
0	623	34	42	43	50	54	85	86	90	92	103	112	141	162	163	170	174	205	206	210	212	230
1	623	1111
3	623	32
4	623	25	33	44	179	190	197	206	213	470	499	559	711	767	850	892
5	623	83	147	155	160	174	190	204	217	230	239	253	281	310	325	336	369	728	733	740	748	756	764	772	780	788	796	804	812	820	828	856	864	872	880	888	972	1000	1005	1013	1021	1029	1037	1045	1053	1061	1069	1077	1085	1093	1101	1109	1117	1125	1131	1139	1147	1155	1163	1168	1176	1184	1192	1200	1208	1216	1234	1242	1250	1262	1280	1298	1316	1324	1335	1346	1350	1362	1374	1386	1400	1404	1424
6	623	100	109	135	148	191	210	250	262	271	307	385	424	428	451	456	489	510	518	533	684	703	777	839	843	848	859	887	896	902	912	922	943	946	1025	1184	1356	1370	1490	1661	1686	1691	1701	1710	1728	1733	1748	1792	1798
7	623	143	245	257	413	441	461	468	480	484	552	560	568
9	623	111	205	418	702	705	717
0	624	120	238
1	624	219
4	624	553	563	626	653	656	753
5	624	10	28	65	99	115	131	348	359
6	624	95	186	283	293	320	334	341	355	391	763	958	1573	1654	1677	1788	1814	1834
7	624	28	37	45	53	62	129	198	207	241	265	335	349	358	428	542	555	563	571
8	624	229
9	624	338	690
6	625	1560
4	626	326
9	627	323	404
9	628	347	378
1	629	1777
10	630	347
9	631	483	609
1	632	1500
4	633	61
5	634	82	130
6	634	336	1523
7	634	562
4	635	372
1	636	954	1012	1468	1475	1553	1608	1622	1747	1804	1853	1918
4	636	81	949	1026
6	636	218
8	636	221	365
1	637	1817
2	638	334
4	639	113
3	640	8
6	641	1111
9	642	447
3	643	10
4	643	567	577
6	643	1085
7	643	70	74	101	344	517
8	643	144
7	644	348
10	645	64
9	646	556
1	647	964
1	648	677	750	820
4	648	455	677
6	648	136	337
7	648	477
8	648	58	201
9	648	76	189
10	648	503
0	649	71	126	191	244
1	649	175	513	520	638	1305	1489	1555
3	649	366	399	434	469	515	589
4	649	181	496	603	1075	1086
6	649	215	233	349	465	606	853	1037	1361	1391	1448	1549	1841	1946
7	649	176	284	453	478	523
8	649	102	157	210	222	239	272	277	305	310	357
9	649	303	329	357	363
1	650	1559
8	651	181
4	652	984
6	652	1252
8	652	192
0	653	75	195
1	654	1477
1	655	1726
4	656	321
1	657	1640
4	658	798	815
10	659	185	380
10	660	218	237	385
10	661	181	214	234	377	424
2	662	310
10	663	173	177	206	210	226	230	369	373	416	420
5	664	255
10	664	446	500
10	665	483
4	666	1002	1019	1035	1047
4	667	1064
2	668	128	255
9	668	34
1	669	400	444	553
2	669	177
8	669	231
9	669	58	97	138	171	197	244	426	465	591
6	670	34
6	671	1667	1794	1804
7	671	221
8	671	246
9	671	81
9	672	241	436
8	673	171
1	674	2
8	674	5
5	675	375	385	397	410	420	432	441	454	463	475	485	498	508	521	532	546	554	566	575	588	601	615	627	649	662	675	687	707	725	729	741	749	757	765	773	781	789	797	805	813	821	829	857	865	873	881	889	973	1001	1014	1022	1030	1038	1046	1054	1062	1070	1078	1086	1094	1102	1110	1118	1126	1140	1148	1156	1164	1177	1185	1193	1201	1209	1217	1235	1243	1251	1263	1281	1299	1317	1325	1336	1347	1363	1375	1387	1401	1425
6	675	364	652	1063	1096	1104	1949	1954
5	676	734	1006	1132	1169	1351	1405
1	677	1746
4	678	807	833	838	852	870	883	888	894	911
4	679	827
4	680	846
4	681	17
1	682	157	322
6	682	220
3	683	46
4	684	808	839
4	685	853	895
8	686	283
8	687	292
2	688	70
1	689	2026
1	690	1984
9	691	217
0	692	114	232
1	692	1434	1491
6	692	579	601	630	1323	1363	1386
6	693	747
10	694	480
1	695	1035
4	695	1052	1055	1067	1071	1078	1082	1088
4	696	1008
4	697	997
5	698	685
7	699	537
6	700	1205	1214	1220	1229	1243	1258	1270	1288	1301
6	701	1276
6	702	1193
4	703	263
5	704	307
3	705	12
1	706	1803
6	707	621	1406
4	708	192	208
2	709	219
1	710	1636
3	710	52
5	711	371
6	711	108	134	147	190	842	858	1653	1676	1694	1727	1787	1813
7	711	570
6	712	1741	1753	1757
6	713	1746	1763	1769
0	714	29	65	137	185
1	714	90	98	118	583	747
3	714	27	298	332
5	714	7	25	45	62	80	142	241	283	293
6	714	267	288	435	1078	1637
8	714	165	204
1	715	249	259	275	341	358	382	396	440	633
1	716	391	436
1	717	943
6	717	388	437	649	810	1060
7	717	66
8	717	361
10	717	296
7	718	237	254	292
0	719	15	36	79	130	156	199
1	719	9	242	401	452	656	781	916	1067	1337	1462	1597	1939
2	719	11	62	138	220
3	719	1	13	34	292	326	360	393	428	463	509	583	623	665
4	719	1	15	218	354	460	540	640	724	792	937	992
6	719	10	71	97	206	279	299	315	360	411	485	541	571	643	672	750	788	829	862	970	991	1054	1135	1202	1315	1418	1484	1625	1649	1663	1822	1935	2024	2026
7	719	16	54	108	112	121	199	323	350	366	398	415	490	525
8	719	1	11	68	124	158	186	211	248	278	311
9	719	1	27	51	90	131	164	190	223	561	583
10	719	1	11	86	146	244	286	326	389	443
0	720	1
5	721	225
6	721	351
0	722	20	27	135	144	153
1	722	178	237	451	922	1266	1425
2	722	24	166
3	722	18	25	297	331	369	402	437	472	518	592	630	669
4	722	11	150	223	332	464	493	510	545	580	601	622	645	729	746	820	876	970
5	722	5	23	43	60	78	92	108	124	140	152	165	179	195	209	222	235	248	262	277	291	304	318	330	341	353	364
6	722	7	75	90	193	231	245	265	303	381	402	416	528	546	557	575	624	647	654	694	729	754	935	953	974	995	1058	1065	1113	1123	1140	1151	1235	1251	1319	1331	1358	1425	1472	1536	1548	1594	1616	1629	1681	1802	1827	1844	1940
7	722	20	91	116	195	203	233	283	327	338	354	370	402	529
8	722	19	31	163
9	722	22	125	670
10	722	393
10	723	135	144
5	724	376	730
9	724	285	580	623
10	725	7
9	726	637
6	727	1237	1538
4	728	632
6	729	1459
1	730	339	409	460	507	587
8	730	399
9	730	551
4	731	308
10	732	510
10	733	474
1	734	1799
0	735	2
1	735	1
2	735	1
3	735	5
4	735	5
6	735	1	1610	2029
7	735	1	111
8	735	4
9	735	4
10	735	4
5	736	552	564	573	586
6	737	1132
9	737	660
6	738	1777
6	739	1670
1	740	122	126	130	287	291	295
9	740	651
10	741	462
6	742	686
2	743	290
1	744	1536
7	745	427	541
6	746	536
7	746	431	465	545
6	747	1246	1295	1309
1	748	167	332
7	749	167	502
1	750	1174
2	750	149	235
6	751	70
2	752	5
2	753	26
4	753	233	466
4	754	435	452
4	755	428
6	756	87
7	756	230
1	757	1989
1	758	1993
9	759	381
6	760	987
9	761	530
9	762	721
1	763	564
9	763	433
10	764	91
9	765	525
10	765	45
8	766	135
1	767	2004
9	767	311
1	768	1811
9	769	475	480	490	516	535	601	606	616	627	709
10	769	36	62	161	186	219
9	770	693
9	771	537
10	771	155
9	772	558
1	773	1823
4	774	1016
6	774	944
6	775	1772
1	776	1743
4	777	152
8	778	15
9	778	428
7	779	154
1	780	1675
1	781	1827
6	781	1575
2	782	203
1	783	241	551	560	562	1004	1007	1010	1063	1332
2	783	214
3	783	605	614
4	783	118	139	902
8	783	269
8	784	238
1	785	601
1	786	1360
2	787	133
8	787	51	59	226
10	787	361
10	788	382	387	428	440
1	789	686	810	1031
9	789	45	67	109	180	203	572
10	789	339	403	489
2	790	245
5	790	30	243
7	790	69	71	100	356
2	791	252
2	792	271
1	793	1995
5	794	418	430	439	452
4	795	941	989
5	795	460	472	482	495	505	518	529	543	659
4	796	1001	1018	1038	1039	1063
0	797	33	140	150
3	797	31
6	797	1700	1709
7	797	388
7	798	379
6	799	1713	1718	1734	1755	1761
6	800	152
6	801	156
1	802	158	323	1379	1390	1495	1530
6	802	433	461
1	803	20	29	46	128	137	222	302	392	434	437	767	973	1364
4	804	804
1	805	1679	1767	1806
4	805	1033
1	806	171	235	447
3	806	37
6	806	19	247
7	806	193
9	806	324
4	807	512
9	807	283
2	808	295
2	809	86	108	131	137
1	810	519	1302
4	810	1074	1085
6	810	1285
7	810	175
8	810	154	207	274	307
1	811	1319
4	812	133	201
1	813	558
8	813	267
8	814	299
7	815	139	169
4	816	377	404	433	478
10	817	468
4	818	1010
0	819	21
3	819	19
4	820	307
2	821	320	324
4	822	1003	1021	1042	1044
0	823	78	198
1	823	1565
3	823	300	334
4	823	759	914
6	823	1463
7	823	97	454	524
1	824	1327	1331
1	825	269	1158	1383	1389	1903
4	825	1054	1070	1081
6	825	895
1	826	239
1	827	1754
1	828	1774
1	829	1888
4	829	737
7	829	156
10	830	323
6	831	865	890	961	1493
6	832	368	394	676	798
4	833	399
1	834	1524	1997
3	834	2
4	834	2
7	834	109
8	834	2
9	834	2
10	834	2
6	835	921
2	836	299
1	837	834	1307
7	837	288
2	838	302
4	839	950
4	840	966	978
2	841	8
4	841	83
9	841	353
1	842	1768	1778	1862
4	842	1009
4	843	50
6	843	519
1	844	754
6	844	482	1351	1666
9	844	707
1	845	581
1	846	19	267	1581
2	846	183	243
7	846	364	421	497	505
8	846	150	185
9	846	148	253	384	439	454	509
10	846	29
1	847	569
1	848	1923
6	849	569	1163	1195
7	849	408
7	850	113
6	851	1672	1847
8	851	405
1	852	1788
6	853	199
7	854	340
7	855	510
8	855	130
1	856	1662
1	857	1831
1	858	34	52	68
8	858	206
2	859	234
9	859	319	523
10	859	43	95	325	508
6	860	61
1	861	218
6	861	618	1403
9	862	286	507
10	862	27
1	863	265
10	864	452
6	865	123
1	866	674	745	784	1343	1421
4	866	944
5	866	383	395	408	732
6	866	151
7	866	140	170
4	867	958
6	867	1441	1455
7	868	159
9	869	18
5	870	374	384	396	409	419	431	440	453	462	474	484	497	507	520	531	545	553	565	574	587	600	614	626	648	661	674	686	706	724
1	871	344
4	871	1059
6	872	423	450	1031
1	873	1614	1627	1631	1637	1644	1649
4	873	678
3	874	44
6	874	5
4	875	9
1	876	1931
1	877	352
3	877	304	338	373	406	441	476	522	596	640
6	877	23
6	878	327
7	879	227
0	880	60	180
1	880	1910
4	880	900
7	880	29
10	881	494
4	882	731
9	883	445
9	884	281	310
9	885	136
9	886	25
9	887	343
1	888	1256	1272	1290
2	888	228	237	247	278
9	888	251	277	296	305	336	359	368	387	415	424	457	467	512	518	547	570	577	593	620	632
10	888	32	38	51	65	71	79	98	104	117	128	129	138	154	167	170	190	203	223	243	254	256	259	264	267	271	279	294	302	334	342	358	365	399	401	406	409	412	426	438	449	493	513
10	889	278
2	890	225	306
9	891	316
10	891	252	397
9	892	24
9	893	270
4	894	14
10	895	306	315
9	896	539	542
10	896	158	162	184	187	217	220	337	349	356	379	384
0	897	45	64	67	88	116	124	165	184	187	208	234	242
1	897	663
4	897	762	955
5	897	95	111	127	182	212
6	897	290	330	499	561	875	1155	1438	1458
7	897	42
4	898	122
10	899	176	196	209	229	372	419
6	900	253
4	901	794
6	901	1486
8	901	313
1	902	1484
4	902	629
7	902	149
8	902	376
1	903	1458
5	903	197
1	904	1977
1	905	1024	1038	1051
4	905	1015
1	906	935
1	907	24	257	356	387	1103	1185	1218
3	907	686
1	908	1757
5	909	144
6	910	1642
1	911	1490	1860
6	911	149	1333	1702
8	911	22	145
7	912	79
1	913	545	682	806	933	1019	1270	1428
4	913	972
6	913	41	305	383	418	976	1427	1683
7	913	60	127
8	913	216
9	913	463	497	568	589
10	913	17	152	250	292	332	395
6	914	78	550	1144
7	914	206
9	915	218
10	916	179	199	212	232	375	422
6	917	1181
6	918	638	1413
6	919	635	1410
6	920	872	884	967
6	921	1125
9	922	38	62	101	175
9	923	10
6	924	705	819	821	824	948	1027
1	925	449	614	641	646
4	925	508
6	925	1592
9	925	128
10	925	123
1	926	457	462	464	620
1	927	738
2	928	9
6	929	879	883
7	929	172
6	930	899
6	931	901
6	932	1416
6	933	609	637	639	641	1394	1412	1414
0	934	39	82	159	202
1	934	471	546	957	1703	1719	1733
4	934	551	562	977
6	934	491
9	934	140
4	935	617
1	936	1863
1	937	1791
1	938	926	945	951	1020
1	939	918
6	940	1283
4	941	515	817
6	941	14
7	941	250	381	482
9	941	113	207
10	942	311
1	943	1110
4	943	868	881	909
6	943	1183
7	943	264
8	944	42	56
4	945	360
6	945	1208	1216	1222	1231	1249	1260	1272	1290	1297	1303	1311
6	946	1280
1	947	658	688	728
1	948	690	741
10	949	94
1	950	1852
1	951	1938
1	952	1927
1	953	1347	1429
1	954	1426
1	955	134	152	299	317	757	893	1451
6	956	114
4	957	942	981	987
5	957	461	473	483	496	506	519	530	544	1003	1128	1166
6	957	664	1074	1080
1	958	800	817	838	845	1455
6	958	444	651	1062
5	959	1403
6	960	675
10	961	131	140
10	962	73	81
1	963	811	1032
3	963	533
6	963	40
8	963	52
9	963	68	181
10	963	404	442	490
9	964	349
4	965	142
0	966	119	237
1	966	565	1465	1479	1687	1701	1886	1895	1929
3	966	675	698
4	966	37	373	589	800	965	1007
5	966	347	358
6	966	319	333	340
8	966	27	63	106	217	259	363
9	966	60
10	966	251	396
4	967	472	474	501
8	967	227
8	968	236
0	969	9
4	969	374	775	920
1	970	676
1	971	1695
4	972	312
9	973	713
6	974	634	1409
2	975	312	315
1	976	180	367	419	606	1052	1264
1	977	1626	1630	1643	1648
1	978	1839
2	979	175
1	980	1671
4	980	361
7	980	136
1	981	799	816	837	844	1454
2	981	208
9	981	674	686
6	982	42
0	983	98	218
1	983	39	57	73	629	1534	1592	1921
4	983	23	631	1062
6	983	669	707
9	983	77	157	214
0	984	95	215
1	984	488	498	941	948	1274
3	984	672
4	984	570	594	649
6	984	81	213	226	286	310	323	359	398	590	657	698	758	771	845	939	1012	1068	1087	1107	1128	1239	1338	1375	1540	1659	1961
7	984	11	24	64	83	212	214	251	270	331	457
8	984	25
9	984	11
8	985	148
4	986	235	245
6	987	1631	1942
0	988	128	246
1	988	4	23	350	489	499	1064	1216	1253	1437	1974	1991	2024
2	988	57	93	171	248
3	988	302	336	371	404	439	474	520	594	638
4	988	12	164	516
5	988	16	36	53	71	311
6	988	8	21	480	716	727	794	1617
7	988	119
8	988	7	241
9	988	16	23	278	306	339	360	369
10	988	8
9	989	656
0	990	107	225
2	990	134
3	990	75	103	131	159	195	218	232	246	260	287
4	990	584
6	990	580	602	631	713	726	732	812	1016	1324	1364	1387	1452	1544
7	990	385	409
10	990	429	441
0	991	48	62	168	182
1	991	191	1999
4	991	311	574	734	766	769
5	991	299
6	991	1598
8	991	321	368	378
8	992	385	410
0	993	110	123	228	241
4	993	842	859	906
0	994	10	41	84	161	204
4	994	738	825	1056
0	995	68	188
4	996	80
9	997	531
1	998	2022
1	999	1481
4	1000	79
1	1001	2011
1	1002	274	357	410	426	461	593	617	1828	1838
3	1002	305	339	374	407	442	477	523	597	641
6	1002	24
8	1002	180	408
9	1002	554
1	1003	1505
1	1004	1514
9	1005	665
1	1006	1325	1576
6	1006	597	1382
9	1006	222
1	1007	1315
10	1008	455
4	1009	90	99	163
4	1010	801
4	1011	236	261	283	339
2	1012	40
3	1012	42
6	1013	1001
4	1014	985
5	1014	251	367
6	1014	616	854	1076	1401	1689
6	1015	33
1	1016	2013
2	1017	127	176	253
4	1017	1027
9	1017	33	57	96	137	170	196
4	1018	1023
1	1019	950	1006	1009	1013	1039
4	1019	1089
1	1020	1436	1914
9	1021	450
1	1022	1794
5	1022	286
10	1022	297	321
1	1023	1447	1893
6	1023	626
4	1024	619
0	1025	23
3	1025	21
1	1026	1638
4	1026	602
6	1026	164	466	607	903	913	923	1167	1332	1359	1392	1473	1722	1845
4	1027	1037
0	1028	17	132
1	1028	244	337	403	454	639	678	801	1014	1423	1656
2	1028	22	42	212	261
3	1028	15	667
4	1028	10	147	220	462	542	642	727	818	967	994
5	1028	2	20	40	57	75	89	105	121	137	149	162	176	192	206	219	232	245	259	274	288	301	315	327	338	350	361
6	1028	6	73	301	379	413	526	543	573	645	692	752	806	831	933	955	972	993	1056	1137	1233	1317	1422	1534	1615	1627	1678	1824	1937
7	1028	18	56	123	201	325	352	368	400	527
8	1028	17	46	70	126	160	188	213	224	250	280	325
9	1028	29	53	92	133	166	192	406	459	493	527	563	585	668
10	1028	13	148	246	288	328	391	484
2	1029	7
7	1029	115
9	1029	21
10	1029	5
8	1030	244
9	1030	79
3	1031	627
1	1032	937	977	978	980	983	985	986	987	989	993	996	998	1001	1003	1005	1025
3	1032	309	319	343	353	378	411	446	481	487	493	499	505	527	537	545	554	560	569	575	601	607	616	645	655
4	1032	269	275	291
5	1032	705
6	1032	46	48	101	118	681	700	1003	1018	1495	1498	1505	1516	1546	1564	1600	1771	1778
3	1033	324	358	391	426	461	612	621
6	1034	1009
6	1035	691
1	1036	2001
6	1036	32
3	1037	388
2	1038	115
4	1038	811	856	898
6	1039	1256
1	1040	711
3	1041	321	355
4	1042	670
5	1043	51
2	1044	292
1	1045	88	481	796	1551
9	1045	263
1	1046	1819